[ 0]  Node  | Successors
[ 0]  ----------------------------------------------------------------------
[18]      0 |   12: 50
[17]      1 |    4: 26    5: 46    6: 73   11: 22
[16]      2 |    6: 48   14: 40
[15]      3 |    1: 30    7: 81    9: 64   12: 92
[14]      4 |    7: 45
[13]      5 |    0: 13   14: 73
[13]      6 |   10: 42
[13]      7 |    4: 93
[13]      8 |    0: 52    1: 22    3: 23   10: 38   14: 13
[13]      9 |    6: 58
[13]     10 |    0: 96    1: 73    5: 40
[13]     11 |
[13]     12 |    0: 19    5: 44    6: 55   11: 15   13: 50
[13]     13 |    1: 26   10: 88
[13]     14 |    3: 77    5: 14    7: 50   12: 52
[ 0]  
[ 0]  Start vertex is: 14
[ 0]  
[ 0]         Total
[ 0]  Dest | Weight | Path
[ 0]  ----------------------------------------------------------------------
[58]     0 |     27 |   5   0
[57]     1 |    107 |   3   1
[56]     2 |    inf |
[55]     3 |     77 |   3
[54]     4 |    133 |   3   1   4
[53]     5 |     14 |   5
[53]     6 |    107 |  12   6
[53]     7 |     50 |   7
[53]     8 |    inf |
[53]     9 |    141 |   3   9
[53]    10 |    149 |  12   6  10
[53]    11 |     67 |  12  11
[53]    12 |     52 |  12
[53]    13 |    102 |  12  13
[53]    14 |      0 |
