[ 0]  Node  | Successors
[ 0]  ----------------------------------------------------------------------
[20]      0 |    2: 88
[19]      1 |    8:  1
[18]      2 |    4: 50   12: 92   14: 76
[17]      3 |    4: 67    9: 40
[16]      4 |    0: 96    3: 19    8: 64   13: 80
[15]      5 |    1: 84    3: 87    6: 91   11: 34
[14]      6 |    3: 58   13: 41
[13]      7 |    9: 19   12: 71   14: 33   15:  6
[12]      8 |    2: 49
[12]      9 |    2: 85   11: 54   14: 10
[12]     10 |   14: 49
[12]     11 |    7: 93    8:  4   13: 92
[12]     12 |   11: 73
[12]     13 |    1:  1   10: 92
[12]     14 |
[12]     15 |    3: 28    8:  1
[ 0]  
[ 0]  Start vertex is: 4
[ 0]  
[ 0]         Total
[ 0]  Dest | Weight | Path
[ 0]  ----------------------------------------------------------------------
[50]     0 |     96 |   0
[50]     1 |     81 |  13   1
[50]     2 |    113 |   8   2
[50]     3 |     19 |   3
[50]     4 |      0 |
[50]     5 |    inf |
[50]     6 |    inf |
[50]     7 |    206 |   3   9  11   7
[50]     8 |     64 |   8
[50]     9 |     59 |   3   9
[50]    10 |    172 |  13  10
[50]    11 |    113 |   3   9  11
[50]    12 |    205 |   8   2  12
[50]    13 |     80 |  13
[50]    14 |     69 |   3   9  14
[50]    15 |    212 |   3   9  11   7  15
