[ 0]  Node  | Successors
[ 0]  ----------------------------------------------------------------------
[20]      0 |    1: 35    2: 97    3: 45    6: 40
[19]      1 |    8: 32    9: 54
[18]      2 |   10: 45   12: 61   15: 20
[17]      3 |    4: 45    6: 29   13: 92   14: 69   17: 20
[16]      4 |    3: 92    8: 60    9: 20
[15]      5 |    0: 61    1: 77    2: 13   11: 56   14: 82
[14]      6 |    1: 15    5: 59   10: 23   18: 20
[13]      7 |    2: 62    6: 76   12: 80   18: 59
[12]      8 |    7: 92    9: 71
[11]      9 |    0: 94    2: 87    5: 76   17: 16
[10]     10 |    3: 96    5: 98    7: 55   17: 94
[10]     11 |    6: 45    9: 99   10: 98   13: 36
[10]     12 |    1: 83    4: 17
[10]     13 |    3: 16
[10]     14 |
[10]     15 |    5: 96
[10]     16 |
[10]     17 |    2: 37    4: 21    5: 70   16: 21
[10]     18 |
[ 0]  
[ 0]  Start vertex is: 0
[ 0]  
[ 0]         Total
[ 0]  Dest | Weight | Path
[ 0]  ----------------------------------------------------------------------
[44]     0 |      0 |
[43]     1 |     35 |   1
[42]     2 |     97 |   2
[42]     3 |     45 |   3
[42]     4 |     86 |   3  17   4
[42]     5 |     99 |   6   5
[42]     6 |     40 |   6
[42]     7 |    118 |   6  10   7
[42]     8 |     67 |   1   8
[42]     9 |     89 |   1   9
[42]    10 |     63 |   6  10
[42]    11 |    155 |   6   5  11
[42]    12 |    158 |   2  12
[42]    13 |    137 |   3  13
[42]    14 |    114 |   3  14
[42]    15 |    117 |   2  15
[42]    16 |     86 |   3  17  16
[42]    17 |     65 |   3  17
[42]    18 |     60 |   6  18
