[ 0]  Node  | Successors
[ 0]  ----------------------------------------------------------------------
[13]      0 |    6:  1
[12]      1 |    3: 11    8: 15
[11]      2 |    4: 42   11: 68
[11]      3 |    1: 93    9: 52   10: 25
[11]      4 |    2: 15    3: 94   16:  2
[11]      5 |    3: 42    6: 66
[11]      6 |    1: 32   12: 74   13: 48   15: 61
[11]      7 |    1:  7    9: 57   10: 51   13: 86
[11]      8 |    4:  8
[11]      9 |   16: 89
[11]     10 |    3: 66   14: 40
[11]     11 |    5:  7    7: 49    8: 62
[11]     12 |    0: 82    1: 17    3: 91    7: 57
[11]     13 |
[11]     14 |    0: 71    7: 64
[11]     15 |    1:  6   16: 17
[11]     16 |    5: 28    8: 81
[11]     17 |    4: 86    5: 85
[ 0]  
[ 0]  Start vertex is: 12
[ 0]  
[ 0]         Total
[ 0]  Dest | Weight | Path
[ 0]  ----------------------------------------------------------------------
[52]     0 |     82 |   0
[51]     1 |     17 |   1
[50]     2 |     55 |   1   8   4   2
[49]     3 |     28 |   1   3
[48]     4 |     40 |   1   8   4
[47]     5 |     70 |   1   8   4  16   5
[46]     6 |     83 |   0   6
[45]     7 |     57 |   7
[44]     8 |     32 |   1   8
[44]     9 |     80 |   1   3   9
[44]    10 |     53 |   1   3  10
[44]    11 |    123 |   1   8   4   2  11
[44]    12 |      0 |
[44]    13 |    131 |   0   6  13
[44]    14 |     93 |   1   3  10  14
[44]    15 |    144 |   0   6  15
[44]    16 |     42 |   1   8   4  16
[44]    17 |    inf |
