[ 0]  Node  | Successors
[ 0]  ----------------------------------------------------------------------
[24]      0 |    4: 28   14: 80   16: 50
[23]      1 |    0: 30   15: 65   18: 62
[22]      2 |    8: 81    9: 86
[21]      3 |
[20]      4 |   11: 97
[19]      5 |    0:  3    4: 55   12: 28   22: 25
[18]      6 |    7: 56
[17]      7 |   13: 50   15: 69
[16]      8 |    3: 58   14: 35   16: 64   20: 32
[15]      9 |    0: 18    2: 97    6:  2   10: 10   11: 13   14: 75
[14]     10 |    3:  3    9:  6   15: 81   17: 81   20: 75   22:  4
[13]     11 |    5: 95   17: 95
[12]     12 |    3: 17   13: 50
[11]     13 |    5: 33    6: 42    7:  7   18: 90   22: 43
[10]     14 |    3: 40   13: 29   21: 96
[ 9]     15 |    4: 81   10: 24   11:  9   13: 55   16: 49   19: 88
[ 8]     16 |    2: 17   14: 37   19: 26
[ 8]     17 |    2: 65    3:  4    7: 53   12: 51   22: 74
[ 8]     18 |    4: 44    7: 59   12: 21   14: 42   21:  8
[ 8]     19 |
[ 8]     20 |    2: 96    8: 69   10: 90
[ 8]     21 |   13: 38   17: 20   18: 12   22: 10
[ 8]     22 |    2: 64    6: 22    8: 70   11:  7   14: 54
[ 0]  
[ 0]  Start vertex is: 5
[ 0]  
[ 0]         Total
[ 0]  Dest | Weight | Path
[ 0]  ----------------------------------------------------------------------
[52]     0 |      3 |   0
[51]     1 |    inf |
[50]     2 |     70 |   0  16   2
[49]     3 |     45 |  12   3
[48]     4 |     31 |   0   4
[47]     5 |      0 |
[46]     6 |     47 |  22   6
[45]     7 |     85 |  12  13   7
[44]     8 |     95 |  22   8
[43]     9 |    156 |   0  16   2   9
[42]    10 |    166 |   0  16   2   9  10
[41]    11 |     32 |  22  11
[40]    12 |     28 |  12
[39]    13 |     78 |  12  13
[38]    14 |     79 |  22  14
[37]    15 |    154 |  12  13   7  15
[36]    16 |     53 |   0  16
[35]    17 |    127 |  22  11  17
[34]    18 |    168 |  12  13  18
[34]    19 |     79 |   0  16  19
[34]    20 |    127 |  22   8  20
[34]    21 |    175 |  22  14  21
[34]    22 |     25 |  22
