[ 0]  Node  | Successors
[ 0]  ----------------------------------------------------------------------
[20]      0 |    7: 97
[19]      1 |    7: 56    8: 17   13: 33   18: 76
[18]      2 |    0: 53    7: 56    9: 51   16: 59
[17]      3 |    5: 87    8: 95    9: 15   10: 66
[16]      4 |    1:  8    2: 40    7: 15   10: 58   12: 22   19: 18   20: 38
[15]      5 |    0: 48    1: 85   12: 64   18: 64
[14]      6 |    3: 34   12: 17   15: 46   20: 30
[13]      7 |    0: 75    9: 42   11: 84
[12]      8 |   18: 25   20: 58
[11]      9 |    6: 60   14: 16   18: 47
[10]     10 |
[ 9]     11 |    8: 45   13: 41   16: 81
[ 9]     12 |    4: 33    5: 76    9: 87   11: 18   16: 71   17: 34
[ 9]     13 |    2: 84    4: 30    7: 83   17: 56   19: 54
[ 9]     14 |    0: 83    1: 60    4: 92   18:  3   19: 29
[ 9]     15 |    8: 25
[ 9]     16 |    6: 89   11: 56   15: 94
[ 9]     17 |    4: 69    5: 93    6:  2    9: 24   12: 38
[ 9]     18 |    0:  9   15: 80
[ 9]     19 |    4: 58   11: 74   14: 27   16:  9   17: 27   20: 53
[ 9]     20 |    4: 78   14: 47   16: 91
[ 0]  
[ 0]  Start vertex is: 5
[ 0]  
[ 0]         Total
[ 0]  Dest | Weight | Path
[ 0]  ----------------------------------------------------------------------
[40]     0 |     48 |   0
[39]     1 |     85 |   1
[38]     2 |    137 |  12   4   2
[38]     3 |    134 |  12  17   6   3
[38]     4 |     97 |  12   4
[38]     5 |      0 |
[38]     6 |    100 |  12  17   6
[38]     7 |    112 |  12   4   7
[38]     8 |    102 |   1   8
[38]     9 |    122 |  12  17   9
[38]    10 |    155 |  12   4  10
[38]    11 |     82 |  12  11
[38]    12 |     64 |  12
[38]    13 |    118 |   1  13
[38]    14 |    138 |  12  17   9  14
[38]    15 |    144 |  18  15
[38]    16 |    124 |  12   4  19  16
[38]    17 |     98 |  12  17
[38]    18 |     64 |  18
[38]    19 |    115 |  12   4  19
[38]    20 |    130 |  12  17   6  20
