[ 0]  Node  | Successors
[ 0]  ----------------------------------------------------------------------
[10]      0 |    1:  1   19: 37
[10]      1 |    2: 48    3: 17   10:  3   16:  8
[10]      2 |    0: 12    4: 84    5: 38    6: 46    7: 72   10: 42   12: 13   17: 95
[10]      3 |    7: 16   10: 25   15: 79
[10]      4 |   16: 30
[10]      5 |    0: 93    1: 54    9: 37   10: 23   11: 73
[10]      6 |   11: 69
[10]      7 |   15: 87
[10]      8 |    4: 18    5:  7   18: 54
[10]      9 |    0: 89    3: 48    6: 10   16: 44
[10]     10 |    3: 80    9: 38   14:  5
[10]     11 |    3: 47   12: 32   19: 67
[10]     12 |    2: 17   13: 53   15: 59   19: 83
[10]     13 |    2: 41   10:  4   11: 24   12: 68
[10]     14 |    1: 94   11: 21
[10]     15 |    7: 17
[10]     16 |    0: 14    1: 88    3: 95   12: 33
[10]     17 |    3:  2    8: 91    9: 59   12: 58
[10]     18 |    3: 14    5: 98    9: 48   16: 97
[10]     19 |    3: 63   13: 42   18: 91
[ 0]  
[ 0]  Start vertex is: 16
[ 0]  
[ 0]         Total
[ 0]  Dest | Weight | Path
[ 0]  ----------------------------------------------------------------------
[40]     0 |     14 |   0
[40]     1 |     15 |   0   1
[40]     2 |     50 |  12   2
[40]     3 |     32 |   0   1   3
[40]     4 |    134 |  12   2   4
[40]     5 |     88 |  12   2   5
[40]     6 |     66 |   0   1  10   9   6
[40]     7 |     48 |   0   1   3   7
[40]     8 |    236 |  12   2  17   8
[40]     9 |     56 |   0   1  10   9
[40]    10 |     18 |   0   1  10
[40]    11 |     44 |   0   1  10  14  11
[40]    12 |     33 |  12
[40]    13 |     86 |  12  13
[40]    14 |     23 |   0   1  10  14
[40]    15 |     92 |  12  15
[40]    16 |      0 |
[40]    17 |    145 |  12   2  17
[40]    18 |    142 |   0  19  18
[40]    19 |     51 |   0  19
