[ 0]  Node  | Successors
[ 0]  ----------------------------------------------------------------------
[24]      0 |    3: 53    6: 39    8: 71    9: 56   11: 71   15: 82   20: 69
[23]      1 |    3: 32    4: 99    5:  1    9: 10   10: 29   18: 32
[22]      2 |    6: 74    7: 38   21:  3
[21]      3 |    4:  6   16: 53
[20]      4 |    2: 37    6: 88   11: 61   17: 90   19: 27
[19]      5 |    3: 49    6: 50   12: 64   14: 19
[18]      6 |    2: 17    3: 26    4: 79   12: 78   22: 64
[17]      7 |    3:  6   11: 36   17: 57
[16]      8 |    3: 62   11: 49
[15]      9 |
[14]     10 |    9: 57   18: 28
[13]     11 |    2: 49    3: 67    6: 99   15:  3   19: 76   22: 11
[12]     12 |   16: 40   17: 71   18: 84
[11]     13 |    1: 88    2: 54   14: 55   20: 63   22: 20
[10]     14 |    5: 35    6: 68   13: 82   22: 61
[ 9]     15 |   11: 92   18: 29   19: 38
[ 8]     16 |    1: 92    6: 82    7: 42   12: 99   17: 32   19: 61
[ 8]     17 |   11: 29   21: 66   22: 27
[ 8]     18 |    0: 76    1: 62    7: 62   13: 34
[ 8]     19 |    2: 59   16: 84
[ 8]     20 |
[ 8]     21 |    3:  5   11: 65   20: 78
[ 8]     22 |    1: 22    7: 38   10: 23   20: 46
[ 0]  
[ 0]  Start vertex is: 18
[ 0]  
[ 0]         Total
[ 0]  Dest | Weight | Path
[ 0]  ----------------------------------------------------------------------
[52]     0 |     76 |   0
[51]     1 |     62 |   1
[50]     2 |     88 |  13   2
[49]     3 |     68 |   7   3
[48]     4 |     74 |   7   3   4
[47]     5 |     63 |   1   5
[46]     6 |    113 |   1   5   6
[45]     7 |     62 |   7
[44]     8 |    147 |   0   8
[43]     9 |     72 |   1   9
[42]    10 |     77 |  13  22  10
[41]    11 |     98 |   7  11
[40]    12 |    127 |   1   5  12
[39]    13 |     34 |  13
[38]    14 |     82 |   1   5  14
[37]    15 |    101 |   7  11  15
[36]    16 |    121 |   7   3  16
[35]    17 |    119 |   7  17
[34]    18 |      0 |
[34]    19 |    101 |   7   3   4  19
[34]    20 |     97 |  13  20
[34]    21 |     91 |  13   2  21
[34]    22 |     54 |  13  22
