[ 0]  Node  | Successors
[ 0]  ----------------------------------------------------------------------
[20]      0 |    3: 68    9: 21   12: 80   17: 19   18: 90   19: 85
[19]      1 |    3: 47    4: 60   10: 41
[18]      2 |    7: 23   14: 62
[17]      3 |   12: 22   13: 89   14: 35   15: 20   16: 12
[16]      4 |    6: 64    9: 23   10: 26   16: 11   17: 66
[15]      5 |    0: 97    1: 64   11: 50
[14]      6 |
[13]      7 |    2: 11
[12]      8 |    5: 91   20: 75
[11]      9 |    6: 50
[10]     10 |    1: 65   11: 82   14: 75   15:  4   16: 98
[ 9]     11 |    3: 72    7: 83   13: 29   15: 33
[ 9]     12 |
[ 9]     13 |   14: 56   20: 10
[ 9]     14 |    4: 41    7: 90
[ 9]     15 |    1: 46   13:  7
[ 9]     16 |    2: 56   12: 37   14: 92   17:  3   19: 52
[ 9]     17 |   15: 61   19: 93
[ 9]     18 |   10: 48   16: 86
[ 9]     19 |    3: 51    5: 38   16: 41
[ 9]     20 |   10: 21   11: 67
[ 0]  
[ 0]  Start vertex is: 11
[ 0]  
[ 0]         Total
[ 0]  Dest | Weight | Path
[ 0]  ----------------------------------------------------------------------
[40]     0 |    271 |   3  16  19   5   0
[39]     1 |     79 |  15   1
[38]     2 |     94 |   7   2
[38]     3 |     72 |   3
[38]     4 |    126 |  13  14   4
[38]     5 |    174 |   3  16  19   5
[38]     6 |    190 |  13  14   4   6
[38]     7 |     83 |   7
[38]     8 |    inf |
[38]     9 |    149 |  13  14   4   9
[38]    10 |     60 |  13  20  10
[38]    11 |      0 |
[38]    12 |     94 |   3  12
[38]    13 |     29 |  13
[38]    14 |     85 |  13  14
[38]    15 |     33 |  15
[38]    16 |     84 |   3  16
[38]    17 |     87 |   3  16  17
[38]    18 |    361 |   3  16  19   5   0  18
[38]    19 |    136 |   3  16  19
[38]    20 |     39 |  13  20
